Fase2
Lava 1450 310 200 20
Lava 500 480.001 200 20
Lava 1150 860 500 20
Lava 1250 550 100 20
Lava 1000 860 50 20
Mago 1330 1260 50 0 80 2 0.620292
Mago 510 1080 50 0 60 1 2.122
Mago 570 940.001 50 0 65 1 2.09529
Aranha 970 1080.01 50 0 20 2 350
Aranha 955.76 430.008 50 0 10 2 450
Aranha 910.418 940.001 50 0 10 1 400
Aranha 1513.27 480.007 50 0 15 2 300
Aranha 1249.46 260.007 50 0 20 2 300
Plataforma 1160 780 50 20 0
Plataforma 500 410 150 20 0
Plataforma 1510 1010 140 20 0
Plataforma 1300 1330 100 20 0
Plataforma 1150 1330 100 20 0
Plataforma 1000 1330 100 20 0
Plataforma 850 1330 100 20 1
Plataforma 780 1230 50 20 0
Plataforma 620 1200 100 20 0
Plataforma 1400 1150 20 200 0
Plataforma 500 1150 80 20 0
Plataforma 900 1150 500 20 0
Plataforma 1450 1090 50 20 0
Plataforma 500 1010 900 20 0
Plataforma 1150 880 500 20 0
Plataforma 1300 780 50 20 0
Plataforma 1440 780 50 20 0
Plataforma 1520 730 50 20 1
Plataforma 1600 680 50 20 0
Plataforma 1550 580 50 20 0
Plataforma 1000 880 50 20 0
Plataforma 1050 620 20 280 0
Plataforma 1050 570 500 50 0
Plataforma 1350 550 200 20 1
Plataforma 1050 550 200 20 0
Plataforma 710 370 290 20 1
Plataforma 1000 330 650 20 0
Plataforma 1200 220 250 20 0
Plataforma 1650 0 500 1500 0
Plataforma 500 500.001 500 400 1
Plataforma 0 0 500 1500 0
Curandeira 1600 610 200 0 42 10.2292
Cavaleiro 910.294 940.001 200 0 48 20 -14
Fogo 1809.79 1295.82 100 0204
Fogo 97.4503 1449.93 -100 0204
Fogo 249.924 1415.28 -100 0204
Fogo 401.938 1392.14 -100 0204
Fogo 1406.38 1215.74 100 0204
Fogo 689.329 1360.98 -100 00
Fogo 1021.6 1144.37 100 01
Fogo 842.017 1318.57 -100 00
Fogo 994.322 1287.7 -100 00
Fogo 1109.55 1272.27 -100 00
Fogo 730.451 1092.27 100 01
Fogo 790.451 952.273 100 01
